    19 31 20294
    27 -119 20529
    55 23 20167
    -27 -100 20146
    49 -86 20218
    -44 1 20136
    -44 23 20226
    -1 -18 20195
    -19 117 20065
    -4 21 20076
    55 -145 20033
    -53 -122 20276
    48 116 20392
    -41 -162 20481
    -29 86 20080
    36 -42 20394
    -2 42 20270
    47 -57 19988
    -39 133 20194
    -51 160 19541
    46 48 20383
    26 3 20525
    11 -148 20337
    50 159 19980
    -5 98 20092
    -56 69 20280
    -17 -60 20048
    7 172 20191
    -54 -40 20169
    46 93 20078
    35 133 20181